C vs Rust Comparison — 121 problems with both solutions
Sorted by Rust/C ratio (worst first)

 Prob    C(ms)  Rust(ms)   Ratio Match
 ----   ------  --------   ----- -----
  154     1392      4329    3.11   YES <<
  185       62       192    3.10   YES <<
  117        2         5    2.50   YES <<
  210      169       351    2.08   YES <<
  186      106       219    2.07   YES <<
  122      146       245    1.68   YES <<
  126        5         8    1.60   YES <<
  108        2         3    1.50   YES
  158        2         3    1.50   YES
  191        2         3    1.50   YES
  218        2         3    1.50   YES
  211     2801      3806    1.36   YES
  118      173       235    1.36   YES
  195     1026      1385    1.35   YES
  181        3         4    1.33   YES
  150      132       162    1.23   YES
  135        9        11    1.22   YES
  152      450       546    1.21   YES
  180      165       195    1.18   YES
  204       45        53    1.18   YES
  174       10        11    1.10   YES
  149       77        83    1.08   YES
  196      686       739    1.08   YES
  177      190       202    1.06   YES
  170      288       306    1.06   YES
  145      158       165    1.04   YES
  143       24        25    1.04   YES
  136     1168      1214    1.04   YES
  193      457       474    1.04   YES
  212      465       468    1.01   YES
  100        3         3    1.00   YES
  102        3         3    1.00   YES
  106        3         3    1.00   YES
  111        4         4    1.00   YES
  115        3         3    1.00   YES
  116        3         3    1.00   YES
  124        9         9    1.00   YES
  131        3         3    1.00   YES
  132        9         9    1.00   YES
  138        2         2    1.00   YES
  144        3         3    1.00   YES
  147        3         3    1.00   YES
  148        3         3    1.00   YES
  151        3         3    1.00   YES
  157        3         3    1.00   YES
  160        3         3    1.00   YES
  163        3         3    1.00   YES
  169        3         3    1.00   YES
  175        3         3    1.00     8
  176        3         3    1.00   YES
  178        3         3    1.00   YES
  183        4         4    1.00   YES
  194        6         6    1.00   YES
  199        3         3    1.00   YES
  200       16        16    1.00   YES
  206        2         2    1.00   YES
  207        4         4    1.00   YES
  209        3         3    1.00   YES
  219        3         3    1.00   YES
  146      816       811    0.99   YES
  130       56        54    0.96   YES
  112       23        22    0.96   YES
  129       19        18    0.95   YES
  216     5178      4888    0.94   YES
  214     2301      2132    0.93   YES
  155     3613      3330    0.92   YES
  105       30        27    0.90   YES
  166      177       158    0.89   YES
  159       36        32    0.89   YES
  179      238       205    0.86   YES
  189       43        37    0.86   YES
  187      891       760    0.85   YES
  153     3597      2998    0.83   YES
  217       18        15    0.83   YES
  134       22        18    0.82   YES
  213       26        21    0.81   YES
  128        5         4    0.80   YES
  168        5         4    0.80   YES
  133       14        11    0.79   YES
  156       14        11    0.79   YES
  172       71        55    0.77   YES
  141       88        68    0.77   YES
  123        4         3    0.75   YES
  171        4         3    0.75   YES
  220        4         3    0.75 139776
  165     1429      1053    0.74   YES
  125      122        89    0.73   YES
  192       62        42    0.68   YES
  101        3         2    0.67   YES
  103        3         2    0.67   YES
  107        3         2    0.67   YES
  109        3         2    0.67   YES
  110        3         2    0.67   YES
  113        3         2    0.67   YES
  114        3         2    0.67   YES
  119        3         2    0.67   YES
  120        3         2    0.67   YES
  121        3         2    0.67   YES
  137        3         2    0.67   YES
  140        3         2    0.67   YES
  162        3         2    0.67   YES
  164        3         2    0.67   YES
  173        3         2    0.67   YES
  188        3         2    0.67   YES
  190        3         2    0.67   YES
  197        3         2    0.67   YES
  198       27        18    0.67   YES
  202        3         2    0.67   YES
  203        3         2    0.67   YES
  205        3         2    0.67   YES
  215       20        13    0.65   YES
  139      493       312    0.63   YES
  127      572       323    0.56   YES
  161      115        61    0.53   YES
  182      672       287    0.43   YES
  142      270       114    0.42   YES
  104       25         8    0.32   YES
  167     2361       646    0.27   YES
  201      224        51    0.23   YES
  208      338        36    0.11   YES
  184       73         7    0.10   YES

--- Summary ---
Rust slower (>1.5x): 7
Roughly tied:        81
Rust faster (<0.67x):33
Total C:    34492ms (34.5s)
Total Rust: 34351ms (34.4s)
Avg C:      285ms
Avg Rust:   284ms
Overall ratio (Rust/C): 1.00
