Problem,Answer, checked, correct
159,14489159, 1,1
160,16576, 1,1
161,20574308184277971
162,3A88DCC96275
163,26241, 1,0
164,378158756814587, 1,1
165,28684,1,0
166,7130034,1,1
167,3931687, 1,0
168,59247844, 1,0
169,178653872807, 
170,9857164023,1,1
171,142857142857142857, 1,0
172,227485267000992000, 1,1
173,1572729,1,1
174,209566,1,1
175,"1,13717420,8",1,1
176,96818198400000,1,1
177,129325
178,126461847755,1,1
179,986262,1,0
180,111577100832,1,0
181,837358486793,1,0
182,399788195976,1,1
183,48861552,1,1
184,17253284,1,0
185,4640261571849143,1,0
186,2325629,1,1
187,17427258,1,1
188,95962097,1,1
189,360720,1,0
190,371048266,1,0
191,1918080160,1,1
192,5702887,1,0
193,684465067343610,1,0
194,61190912,1,1
195,2449225,1,0
196,3223031,1,0
197,1.0000000000,1,0
198,52374425,1,1
199,0.0000034039,1,0
200,229161792008,1,1
201,115039000,1,1
202,171,1,0
203,34029210557338
204,2944730
205,0.5731441
206,1389019170
207,44043947822
208,331466500
209,15964587728784
210,15964587728784
211,2560034816
212,3019970
213,2063766133
214,1677366278943
215,806844323190414
216,5437849
217,1313682835065294
218,0
219,25608293018
220,1217
221,188416125112
222,150850071566
223,15750697
224,413733
225,9291
226,0.11366729
227,0.36278883
228,86226
229,3766196208005
230,1822682234015904
231,7526965179680
232,0.9999929926
233,271204593
234,125918743
235,-1.0831881073
236,26033
237,4835950
238,863253606
239,0.00198825893
240,12366172151817
241,682457446739
242,483124547
243,892371480
244,23514624000
245,1602059658256
246,1582
247,782252
248,23507044290
249,115039000
250,142513607
251,18946051
252,1045
253,0.0550236813945
254,28908445532
255,13176688
256,19605
257,25319574807
258,127035954683
259,3735928559
260,16764057
261,2317841
262,386
263,510784784029
264,30137
265,523530
266,1096883702440585
267,0.9999929926
268,785478606870985
269,0.00000000007151123842
270,82282080
271,461745648527464955
272,970746
273,203244760
274,0.249999998137
275,2205
276,10538
277,112125008
278,38666300761184
279,4635
280,4301687
281,14885392688707
282,2711449782499
283,2760036
284,5A411D7B
285,1.452361
286,52.6494571953
287,313135496
288,605857431263982029
289,1560820
290,1294582
291,4037526
292,3014587
293,220343
294,6611
295,2969
296,6102
297,18018042373
298,8051
299,19823.542204
300,8.0540771484375, 1,1
301,2178309,1,1, 
302,1170060,1,1
303,1111981904675169,1,1
304,283988410192,1,1
305,18174995535140,1,0
306,852938,1,1
307,0.7311720251,1,1
308,1539669807660924
309,210139
310,2586528661783
311,2466018557
312,324681947
313,2057774861813004
314,132.52756426
315,13625242
316,542934735751917735
317,1856532.8455
318,709313889
319,268457129
320,278157919195482643
321,2470433131948040
322,999998760323313995
323,6.3551758451
324,96972774
325,54672965
326,1966666166408794329
327,34315549139516
328,260511850222
329,199740353/29386561536000
330,15955822
331,467178235146843549
332,2717.751525
333,3053105
334,150320021261690835
335,5032316
336,CAGBIHEFJDK
337,85068035
338,15614292
339,19823.542204
340,291504964
341,56098610614277014
342,5943040885644
343,269533451410884183
344,65579304332
345,13938
346,336108797689259276
347,11109800204052
348,1004195061
349,115384615384614952
350,84664213
351,11762187201804552
352,378563.260589
353,1.2759860331
354,58065134
355,1726545007
356,28010159
357,1739023853137
358,3284144505
359,40632119
360,878825614395267072
361,178476944
362,457895958010
363,0.0000372091
364,44855254
365,162619462356610313
366,88351299
367,48271207
368,253.6135092068
369,862400558448
370,41791929448408
371,40.66368097
372,301450082318807027
373,727227472448913
374,334420941
375,7435327983715286168
376,973059630185670
377,732385277
378,147534623725724718
379,132314136838185
380,6.3202e25093
381,139602943319822
382,697003956
383,22173624649806
384,3354706415856332783
385,3776957309612153700
386,528755790
387,696067597313468
388,831907372805129931
389,2406376.3623
390,2919133642971
391,61029882288
392,3.1486734435
393,112398351350823112
394,3.2370342194
395,28.2453753155
396,173214653
397,141630459461893728
398,2010.59096
399,"1508395636674243,6.5e27330467"
400,438505383468410633
Problem 401: 281632621,1,1
Problem 407: 39782849136421,1,1
Problem 417: 446572970925740, 1,1
Problem 425: 46479497324,1,1
Problem 429: 98792821
Problem 431: 23.386029052
Problem 433: 326624372659664
Problem 451: 153651073760956
Problem 493: 6.818741802
Problem 500: 35407281
Problem 518: 100315739184392
Problem 549: 476001479068717
Problem 587: 2240
Problem,Answer
400,438505383468410633
401,281632621
402,288215978
403,120787716
404,
405,60975
406,15955822
407,39782849136421
408,3928082623
409,390205642
410,45092422
411,3765688726
412,29798760
413,164953813343
414,42838697
415,71597175
416,9871885000
417,696190643
418,12332233
419,
420,146511208
421,244861267095508
422,29621580
423,6191564
424,
425,4647949732
426,267955815
427,
428,
429,98792821
430,5.000730964
431,8.0540771484
432,510784784029
435,1503395620294540
442,3953
443,1050989182159
454,115132219018763
456,333082500
469,0.168309966
493,6.9188932387
500,3540824
501,2252169
504,16705
518,167096608
523,0.3166480759
549,476001479068117
587,8930565
595,0.4811100472
